world: 1a0965c6-e29f-4a32-8239-01e30e7cdf9f
world-name: world
x: 20.77223781020585
y: 165.0
z: 785.5435719850461
yaw: -89.42987060546875
pitch: 24.19045639038086
name: isl
lastowner: 4e652eb0-f42e-34fb-8424-539c2da8221f
